function x = data()
x = [
% input_size input_set variants nb_threads try global_start_sec global_start_nsec global_stop_sec global_stop_nsec
100000 0 1 0 1 2895 459430083 2895 497392046
100000 0 1 0 2 2895 572024356 2895 609922622
100000 0 1 0 3 2895 690026461 2895 727944980
100000 0 1 0 4 2895 808337481 2895 846419575
100000 0 1 0 5 2895 921543303 2895 959469646
100000 0 1 0 6 2896 38551467 2896 76467192
100000 0 1 0 7 2896 151633596 2896 189543665
100000 0 1 0 8 2896 268308536 2896 306224891
100000 0 1 0 9 2896 388170710 2896 426207402
100000 0 1 0 10 2896 510817815 2896 548693870
100000 0 1 1 1 2896 631817178 2896 670200994
100000 0 1 1 2 2896 749544659 2896 788033658
100000 0 1 1 3 2896 869144709 2896 907338760
100000 0 1 1 4 2896 983216378 2897 21429218
100000 0 1 1 5 2897 100419615 2897 138787227
100000 0 1 1 6 2897 219550667 2897 257982954
100000 0 1 1 7 2897 338559005 2897 376763812
100000 0 1 1 8 2897 451669140 2897 490013914
100000 0 1 1 9 2897 571161981 2897 609304000
100000 0 1 1 10 2897 690367906 2897 728631382
100000 0 1 2 1 2897 811939914 2897 834434016
100000 0 1 2 2 2897 911034512 2897 939637604
100000 0 1 2 3 2898 20319956 2898 43453962
100000 0 1 2 4 2898 119843742 2898 143033833
100000 0 1 2 5 2898 219780651 2898 243446794
100000 0 1 2 6 2898 321532859 2898 349133489
100000 0 1 2 7 2898 430379966 2898 453248290
100000 0 1 2 8 2898 530520399 2898 559443654
100000 0 1 2 9 2898 650166058 2898 673217999
100000 0 1 2 10 2898 759363987 2898 781851525
100000 0 1 3 1 2898 889372794 2898 908579370
100000 0 1 3 2 2898 991397671 2899 15081624
100000 0 1 3 3 2899 168721374 2899 186692489
100000 0 1 3 4 2899 278659853 2899 298065691
100000 0 1 3 5 2899 388384192 2899 407560316
100000 0 1 3 6 2899 501149999 2899 525040270
100000 0 1 3 7 2899 620158966 2899 638646853
100000 0 1 3 8 2899 730788055 2899 748679899
100000 0 1 3 9 2899 829484687 2899 848437242
100000 0 1 3 10 2899 930061571 2899 949047861
100000 0 1 4 1 2900 39538037 2900 57047139
100000 0 1 4 2 2900 140525110 2900 157461358
100000 0 1 4 3 2900 240339446 2900 266139792
100000 0 1 4 4 2900 349647169 2900 366551987
100000 0 1 4 5 2900 448840037 2900 466495810
100000 0 1 4 6 2900 549199638 2900 567546511
100000 0 1 4 7 2900 649505950 2900 665054898
100000 0 1 4 8 2900 737001311 2900 753441461
100000 0 1 4 9 2900 838867016 2900 855015919
100000 0 1 4 10 2900 968111107 2900 984389920
100000 1 1 0 1 2901 70655130 2901 97554463
100000 1 1 0 2 2901 161440114 2901 188219874
100000 1 1 0 3 2901 258795753 2901 285714851
100000 1 1 0 4 2901 351392055 2901 378360114
100000 1 1 0 5 2901 448706556 2901 475460544
100000 1 1 0 6 2901 540373732 2901 567274952
100000 1 1 0 7 2901 631738697 2901 658549049
100000 1 1 0 8 2901 721744019 2901 748537610
100000 1 1 0 9 2901 811650095 2901 838605792
100000 1 1 0 10 2901 901077744 2901 927964157
100000 1 1 1 1 2902 844516 2902 27736794
100000 1 1 1 2 2902 89525819 2902 116600109
100000 1 1 1 3 2902 181438426 2902 208433513
100000 1 1 1 4 2902 271723190 2902 298612537
100000 1 1 1 5 2902 368793729 2902 395730497
100000 1 1 1 6 2902 460541435 2902 487446705
100000 1 1 1 7 2902 549699909 2902 576594910
100000 1 1 1 8 2902 639677852 2902 666613784
100000 1 1 1 9 2902 730739557 2902 757618914
100000 1 1 1 10 2902 821477327 2902 848557415
100000 1 1 2 1 2902 919928110 2902 938951905
100000 1 1 2 2 2903 8681630 2903 27550793
100000 1 1 2 3 2903 98233042 2903 117837515
100000 1 1 2 4 2903 182731845 2903 205174821
100000 1 1 2 5 2903 272617806 2903 294846015
100000 1 1 2 6 2903 369154461 2903 393199646
100000 1 1 2 7 2903 459892232 2903 478034674
100000 1 1 2 8 2903 549605191 2903 573718192
100000 1 1 2 9 2903 640248393 2903 658237879
100000 1 1 2 10 2903 729997113 2903 748304594
100000 1 1 3 1 2903 822266200 2903 834540262
100000 1 1 3 2 2903 901079333 2903 919558070
100000 1 1 3 3 2903 989526591 2904 3369894
100000 1 1 3 4 2904 81654734 2904 99824833
100000 1 1 3 5 2904 169430377 2904 183596357
100000 1 1 3 6 2904 251940320 2904 265260009
100000 1 1 3 7 2904 331796915 2904 349553682
100000 1 1 3 8 2904 419077440 2904 433281554
100000 1 1 3 9 2904 508045169 2904 523267530
100000 1 1 3 10 2904 598435330 2904 611273797
100000 1 1 4 1 2904 688285671 2904 700014955
100000 1 1 4 2 2904 768843911 2904 780636894
100000 1 1 4 3 2904 848928614 2904 861609724
100000 1 1 4 4 2904 929092239 2904 940490677
100000 1 1 4 5 2905 8703614 2905 20105263
100000 1 1 4 6 2905 88381827 2905 99861491
100000 1 1 4 7 2905 168484340 2905 180039296
100000 1 1 4 8 2905 249676758 2905 263370038
100000 1 1 4 9 2905 331512433 2905 345087470
100000 1 1 4 10 2905 412660292 2905 425435971
100000 2 1 0 1 2905 498440442 2905 525880082
100000 2 1 0 2 2905 590620128 2905 618042727
100000 2 1 0 3 2905 689548080 2905 716985975
100000 2 1 0 4 2905 782223096 2905 809824634
100000 2 1 0 5 2905 879217924 2905 906778954
100000 2 1 0 6 2905 971694026 2905 999073672
100000 2 1 0 7 2906 69901474 2906 97412496
100000 2 1 0 8 2906 168371465 2906 195760049
100000 2 1 0 9 2906 261186376 2906 288557430
100000 2 1 0 10 2906 353483051 2906 380980523
100000 2 1 1 1 2906 458244810 2906 485750662
100000 2 1 1 2 2906 550462841 2906 577944457
100000 2 1 1 3 2906 641918183 2906 669427667
100000 2 1 1 4 2906 739066456 2906 766729596
100000 2 1 1 5 2906 838119428 2906 865642323
100000 2 1 1 6 2906 931873804 2906 959392297
100000 2 1 1 7 2907 29205416 2907 56928621
100000 2 1 1 8 2907 121269373 2907 149053410
100000 2 1 1 9 2907 218139670 2907 245934743
100000 2 1 1 10 2907 309298247 2907 336861370
100000 2 1 2 1 2907 410277080 2907 428804358
100000 2 1 2 2 2907 499713110 2907 518071578
100000 2 1 2 3 2907 590915199 2907 613817814
100000 2 1 2 4 2907 681152962 2907 704457317
100000 2 1 2 5 2907 769629693 2907 787884862
100000 2 1 2 6 2907 859130467 2907 878207274
100000 2 1 2 7 2907 949210314 2907 973840855
100000 2 1 2 8 2908 40924425 2908 58028506
100000 2 1 2 9 2908 130430857 2908 148158359
100000 2 1 2 10 2908 220040797 2908 238080499
100000 2 1 3 1 2908 318357760 2908 332800179
100000 2 1 3 2 2908 399934107 2908 413870094
100000 2 1 3 3 2908 481828242 2908 500559043
100000 2 1 3 4 2908 569424039 2908 583830908
100000 2 1 3 5 2908 652159229 2908 671067082
100000 2 1 3 6 2908 738750816 2908 759446872
100000 2 1 3 7 2908 831639485 2908 850317973
100000 2 1 3 8 2908 918788424 2908 931287452
100000 2 1 3 9 2908 998340989 2909 13001739
100000 2 1 3 10 2909 82467387 2909 100108562
100000 2 1 4 1 2909 171286561 2909 186919251
100000 2 1 4 2 2909 258833956 2909 271307702
100000 2 1 4 3 2909 338597520 2909 350189841
100000 2 1 4 4 2909 418643669 2909 430044689
100000 2 1 4 5 2909 498826082 2909 511393417
100000 2 1 4 6 2909 579171230 2909 590756847
100000 2 1 4 7 2909 658895331 2909 670765211
100000 2 1 4 8 2909 739714927 2909 756150676
100000 2 1 4 9 2909 822531202 2909 836322123
100000 2 1 4 10 2909 908532965 2909 919839486
100000 3 1 0 1 2909 994604781 2910 21401722
100000 3 1 0 2 2910 91852232 2910 118633808
100000 3 1 0 3 2910 184074102 2910 210876703
100000 3 1 0 4 2910 274564978 2910 301331328
100000 3 1 0 5 2910 371141374 2910 398031977
100000 3 1 0 6 2910 463489173 2910 490874267
100000 3 1 0 7 2910 555607398 2910 582405599
100000 3 1 0 8 2910 651825919 2910 678639972
100000 3 1 0 9 2910 744343018 2910 771197791
100000 3 1 0 10 2910 842406869 2910 869376812
100000 3 1 1 1 2910 942779670 2910 969694508
100000 3 1 1 2 2911 52414750 2911 79358014
100000 3 1 1 3 2911 151035112 2911 177918451
100000 3 1 1 4 2911 243547394 2911 270464326
100000 3 1 1 5 2911 334026325 2911 360932711
100000 3 1 1 6 2911 424585506 2911 451750173
100000 3 1 1 7 2911 521160016 2911 548154894
100000 3 1 1 8 2911 614345379 2911 641442716
100000 3 1 1 9 2911 711476330 2911 738396197
100000 3 1 1 10 2911 803927988 2911 830911970
100000 3 1 2 1 2911 904195816 2911 934773867
100000 3 1 2 2 2912 3140810 2912 38985679
100000 3 1 2 3 2912 112410398 2912 148156649
100000 3 1 2 4 2912 222360751 2912 258102251
100000 3 1 2 5 2912 334341938 2912 369916515
